Linux 4.15.0-117-generic (sl1-21) 	Friday 05 February 2021 	_x86_64_	(4 CPU)

07:50:04  IST  CPU    %usr   %nice    %sys %iowait    %irq   %soft  %steal  %guest  %gnice   %idle
07:50:09  IST  all    0.05    0.00    0.00    0.05    0.00    0.00    0.00    0.00    0.00   99.90
07:50:14  IST  all    0.10    0.00    0.05    0.05    0.00    0.00    0.00    0.00    0.00   99.80
07:50:19  IST  all   10.71    0.00    2.15    0.00    0.00    0.10    0.00    0.00    0.00   87.04
07:50:24  IST  all   99.70    0.00    0.30    0.00    0.00    0.00    0.00    0.00    0.00    0.00
07:50:29  IST  all   90.20    0.00    0.40    0.00    0.00    0.00    0.00    0.00    0.00    9.40
07:50:34  IST  all   13.80    0.00    0.50    0.00    0.00    0.15    0.00    0.00    0.00   85.55
07:50:39  IST  all   97.60    0.00    2.30    0.00    0.00    0.10    0.00    0.00    0.00    0.00
07:50:44  IST  all   99.70    0.00    0.25    0.00    0.00    0.05    0.00    0.00    0.00    0.00
07:50:49  IST  all   23.76    0.00    1.10    0.00    0.00    0.30    0.00    0.00    0.00   74.84
07:50:54  IST  all   98.00    0.00    1.95    0.00    0.00    0.05    0.00    0.00    0.00    0.00
07:50:59  IST  all   99.70    0.00    0.30    0.00    0.00    0.00    0.00    0.00    0.00    0.00
07:51:04  IST  all   39.70    0.00    1.19    0.05    0.00    0.50    0.00    0.00    0.00   58.56
07:51:09  IST  all   97.50    0.00    2.40    0.00    0.00    0.10    0.00    0.00    0.00    0.00
07:51:14  IST  all   99.55    0.00    0.45    0.00    0.00    0.00    0.00    0.00    0.00    0.00
07:51:19  IST  all   46.44    0.00    0.90    0.00    0.00    0.55    0.00    0.00    0.00   52.12
07:51:24  IST  all   98.20    0.00    1.80    0.00    0.00    0.00    0.00    0.00    0.00    0.00
07:51:29  IST  all   99.40    0.00    0.55    0.00    0.00    0.05    0.00    0.00    0.00    0.00
07:51:34  IST  all   40.32    0.00    1.79    0.00    0.00    0.84    0.00    0.00    0.00   57.05
07:51:39  IST  all   98.75    0.00    1.25    0.00    0.00    0.00    0.00    0.00    0.00    0.00
07:51:44  IST  all   94.91    0.00    0.40    0.00    0.00    0.25    0.00    0.00    0.00    4.44
07:51:49  IST  all   54.93    0.00    2.02    0.05    0.00    1.43    0.00    0.00    0.00   41.58
07:51:54  IST  all   98.85    0.00    1.05    0.00    0.00    0.10    0.00    0.00    0.00    0.00
07:51:59  IST  all   95.05    0.00    0.30    0.00    0.00    0.00    0.00    0.00    0.00    4.65
07:52:04  IST  all   55.38    0.00    2.23    0.00    0.00    0.99    0.00    0.00    0.00   41.39
07:52:09  IST  all   99.05    0.00    0.90    0.00    0.00    0.05    0.00    0.00    0.00    0.00
07:52:14  IST  all   90.43    0.00    0.60    0.00    0.00    0.50    0.00    0.00    0.00    8.47
07:52:19  IST  all   67.93    0.00    2.34    0.00    0.00    0.65    0.00    0.00    0.00   29.09
07:52:24  IST  all   99.40    0.00    0.60    0.00    0.00    0.00    0.00    0.00    0.00    0.00
07:52:29  IST  all   83.14    0.00    0.45    0.00    0.00    0.30    0.00    0.00    0.00   16.11
07:52:34  IST  all   78.77    0.00    2.68    0.00    0.00    0.94    0.00    0.00    0.00   17.61
07:52:39  IST  all   99.15    0.00    0.80    0.00    0.00    0.05    0.00    0.00    0.00    0.00
07:52:44  IST  all   79.14    0.00    0.90    0.00    0.00    0.20    0.00    0.00    0.00   19.76
07:52:49  IST  all   89.76    0.00    2.98    0.00    0.00    0.70    0.00    0.00    0.00    6.56
07:52:54  IST  all   99.40    0.00    0.60    0.00    0.00    0.00    0.00    0.00    0.00    0.00
07:52:59  IST  all   79.63    0.00    0.79    0.00    0.00    0.60    0.00    0.00    0.00   18.98
07:53:04  IST  all   97.50    0.00    2.45    0.00    0.00    0.05    0.00    0.00    0.00    0.00
07:53:09  IST  all   99.40    0.00    0.55    0.00    0.00    0.05    0.00    0.00    0.00    0.00
07:53:14  IST  all   83.08    0.00    0.85    0.00    0.00    0.30    0.00    0.00    0.00   15.78
07:53:19  IST  all   97.65    0.00    2.25    0.00    0.00    0.10    0.00    0.00    0.00    0.00
07:53:24  IST  all   99.35    0.00    0.60    0.00    0.00    0.05    0.00    0.00    0.00    0.00
07:53:29  IST  all   76.80    0.00    0.99    0.00    0.00    1.09    0.00    0.00    0.00   21.12
07:53:34  IST  all   98.10    0.00    1.80    0.00    0.00    0.10    0.00    0.00    0.00    0.00
07:53:39  IST  all   99.20    0.00    0.70    0.00    0.00    0.10    0.00    0.00    0.00    0.00
07:53:44  IST  all   82.59    0.00    1.59    0.00    0.00    0.40    0.00    0.00    0.00   15.42
07:53:49  IST  all   97.95    0.00    2.00    0.00    0.00    0.05    0.00    0.00    0.00    0.00
07:53:54  IST  all   99.50    0.00    0.50    0.00    0.00    0.00    0.00    0.00    0.00    0.00
07:53:59  IST  all   89.62    0.00    1.80    0.00    0.00    0.35    0.00    0.00    0.00    8.23
07:54:04  IST  all   98.00    0.00    1.95    0.00    0.00    0.05    0.00    0.00    0.00    0.00
07:54:09  IST  all   99.55    0.00    0.45    0.00    0.00    0.00    0.00    0.00    0.00    0.00
07:54:14  IST  all   87.79    0.00    1.49    0.05    0.00    0.79    0.00    0.00    0.00    9.88
07:54:19  IST  all   98.15    0.00    1.75    0.00    0.00    0.10    0.00    0.00    0.00    0.00
07:54:24  IST  all   99.30    0.00    0.65    0.00    0.00    0.05    0.00    0.00    0.00    0.00
07:54:29  IST  all   86.13    0.00    1.79    0.05    0.00    0.75    0.00    0.00    0.00   11.28
07:54:34  IST  all   98.45    0.00    1.50    0.00    0.00    0.05    0.00    0.00    0.00    0.00
07:54:39  IST  all   99.35    0.00    0.50    0.00    0.00    0.05    0.00    0.00    0.00    0.10
07:54:44  IST  all   91.39    0.00    1.74    0.00    0.00    0.60    0.00    0.00    0.00    6.27
07:54:49  IST  all   98.70    0.00    1.30    0.00    0.00    0.00    0.00    0.00    0.00    0.00
07:54:54  IST  all   99.20    0.00    0.75    0.00    0.00    0.05    0.00    0.00    0.00    0.00
07:54:59  IST  all   91.60    0.00    2.19    0.00    0.00    0.84    0.00    0.00    0.00    5.37
07:55:04  IST  all   98.45    0.00    1.55    0.00    0.00    0.00    0.00    0.00    0.00    0.00
07:55:09  IST  all   97.40    0.00    0.65    0.00    0.00    0.05    0.00    0.00    0.00    1.90
07:55:14  IST  all   91.86    0.00    1.39    0.00    0.00    0.74    0.00    0.00    0.00    6.00
07:55:19  IST  all    2.20    0.00    0.10    0.00    0.00    0.00    0.00    0.00    0.00   97.70
07:55:24  IST  all    0.05    0.00    0.00    0.05    0.00    0.00    0.00    0.00    0.00   99.90

Average:     all   80.87    0.00    1.17    0.01    0.00    0.26    0.00    0.00    0.00   17.69
